0.13210227272727273 0.08860759493670886 1 
0.022727272727272728 0.04430379746835443 1 
0.09943181818181818 0.12025316455696203 1 
0.052556818181818184 0.0970464135021097 1 
0.09801136363636363 0.08438818565400844 1 
0.14914772727272727 0.1940928270042194 1 
0.10653409090909091 0.1160337552742616 1 
0.0625 0.056962025316455694 1 
0.26136363636363635 0.22362869198312235 1 
0.10653409090909091 0.1160337552742616 1 
0.16619318181818182 0.3881856540084388 1 
0.125 0.13291139240506328 1 
0.0 0.03164556962025317 1 
0.421875 0.459915611814346 1 
0.06534090909090909 0.04008438818565401 1 
0.125 0.1729957805907173 1 
0.078125 0.046413502109704644 1 
0.3224431818181818 0.20253164556962025 1 
0.10511363636363637 0.18354430379746836 1 
0.05965909090909091 0.08649789029535865 1 
0.10653409090909091 0.20042194092827004 1 
0.08096590909090909 0.12447257383966245 1 
0.31676136363636365 0.23628691983122363 1 
0.29261363636363635 0.339662447257384 1 
0.09943181818181818 0.0970464135021097 1 
0.14630681818181818 0.4409282700421941 1 
0.07954545454545454 0.04430379746835443 1 
0.11363636363636363 0.2468354430379747 1 
0.07102272727272728 0.0949367088607595 1 
0.078125 0.03375527426160337 1 
0.375 0.21729957805907174 1 
0.2599431818181818 0.29535864978902954 1 
0.026988636363636364 0.06962025316455696 1 
0.07954545454545454 0.08227848101265822 1 
0.11789772727272728 0.24050632911392406 1 
0.06676136363636363 0.1160337552742616 1 
0.13210227272727273 0.08860759493670886 1 
0.12642045454545456 0.0 1 
0.07954545454545454 0.04430379746835443 1 
0.3465909090909091 0.3438818565400844 1 
0.16761363636363635 0.06118143459915612 1 
0.3877840909090909 0.4092827004219409 1 
0.07528409090909091 0.0379746835443038 1 
0.07244318181818182 0.05485232067510549 1 
0.05539772727272727 0.06751054852320675 1 
0.10653409090909091 0.16244725738396623 1 
0.10511363636363637 0.25949367088607594 1 
0.0625 0.056962025316455694 1 
0.08806818181818182 0.12869198312236288 1 
0.07244318181818182 0.05485232067510549 1 
0.06676136363636363 0.05063291139240506 1 
0.11789772727272728 0.06962025316455696 1 
0.140625 0.20675105485232068 1 
0.09232954545454546 0.06329113924050633 1 
0.09090909090909091 0.10970464135021098 1 
0.07102272727272728 0.06962025316455696 1 
0.10227272727272728 0.09282700421940929 1 
0.07528409090909091 0.0379746835443038 1 
0.29545454545454547 0.2679324894514768 1 
0.3721590909090909 0.22573839662447256 1 
0.1278409090909091 0.16244725738396623 1 
0.36079545454545453 0.270042194092827 1 
0.10227272727272728 0.10759493670886076 1 
0.12642045454545456 0.0 1 
0.09943181818181818 0.08227848101265822 1 
0.11505681818181818 0.27848101265822783 1 
0.12357954545454546 0.10126582278481013 1 
0.09375 0.18143459915611815 1 
0.3380681818181818 0.229957805907173 1 
0.31392045454545453 0.19198312236286919 1 
0.5255681818181818 0.33544303797468356 1 
0.14914772727272727 0.1518987341772152 1 
0.05823863636363636 0.06329113924050633 1 
0.05397727272727273 0.0949367088607595 1 
0.28551136363636365 0.2109704641350211 1 
0.0625 0.056962025316455694 1 
0.08238636363636363 0.09282700421940929 1 
0.10085227272727272 0.06540084388185655 1 
0.05113636363636364 0.11181434599156118 1 
0.14204545454545456 0.22573839662447256 1 
0.07102272727272728 0.06962025316455696 1 
0.05397727272727273 0.05063291139240506 1 
0.01278409090909091 0.10126582278481013 1 
0.08238636363636363 0.052742616033755275 1 
0.06676136363636363 0.0379746835443038 1 
0.10227272727272728 0.16877637130801687 1 
0.07528409090909091 0.1729957805907173 1 
0.16051136363636365 0.1877637130801688 1 
0.11505681818181818 0.14767932489451477 1 
0.09943181818181818 0.06751054852320675 1 
0.10369318181818182 0.14767932489451477 1 
0.09090909090909091 0.20464135021097046 1 
0.09801136363636363 0.12236286919831224 1 
0.11647727272727272 0.16244725738396623 1 
0.09801136363636363 0.09915611814345991 1 
0.08096590909090909 0.06751054852320675 1 
0.09090909090909091 0.20464135021097046 1 
0.1903409090909091 0.11392405063291139 1 
0.07954545454545454 0.0949367088607595 1 
0.08096590909090909 0.12447257383966245 1 
0.3153409090909091 0.48945147679324896 2 
0.22869318181818182 0.24472573839662448 2 
0.59375 0.7109704641350211 2 
0.4971590909090909 0.7911392405063291 2 
0.20170454545454544 0.25949367088607594 2 
0.1690340909090909 0.2805907172995781 2 
0.2471590909090909 0.2468354430379747 2 
0.2840909090909091 0.5717299578059072 2 
0.24857954545454544 0.3037974683544304 2 
0.2471590909090909 0.2468354430379747 2 
0.25 0.1877637130801688 2 
0.16761363636363635 0.2552742616033755 2 
0.27698863636363635 0.20253164556962025 2 
0.3181818181818182 0.2911392405063291 2 
0.21022727272727273 0.2468354430379747 2 
0.171875 0.1940928270042194 2 
0.2940340909090909 0.4219409282700422 2 
0.20738636363636365 0.4240506329113924 2 
0.18892045454545456 0.1729957805907173 2 
0.38920454545454547 0.4831223628691983 2 
0.2911931818181818 0.39451476793248946 2 
0.24431818181818182 0.4957805907172996 2 
0.24431818181818182 0.24261603375527427 2 
0.11647727272727272 0.229957805907173 2 
0.3196022727272727 0.38396624472573837 2 
0.6207386363636364 0.6962025316455697 2 
0.2684659090909091 0.3649789029535865 2 
0.18607954545454544 0.12658227848101267 2 
0.21022727272727273 0.2742616033755274 2 
0.2215909090909091 0.22573839662447256 2 
0.2627840909090909 0.3333333333333333 2 
0.11789772727272728 0.25316455696202533 2 
0.24289772727272727 0.33544303797468356 2 
0.26988636363636365 0.6983122362869199 2 
0.23579545454545456 0.46624472573839665 2 
0.19744318181818182 0.43037974683544306 2 
0.18607954545454544 0.28270042194092826 2 
0.2215909090909091 0.2552742616033755 2 
0.14914772727272727 0.2320675105485232 2 
0.234375 0.35232067510548526 2 
0.65625 0.46624472573839665 2 
0.2897727272727273 0.23839662447257384 2 
0.734375 0.8438818565400844 2 
0.2684659090909091 0.30168776371308015 2 
0.19886363636363635 0.18354430379746836 2 
0.18892045454545456 0.2510548523206751 2 
0.17329545454545456 0.2742616033755274 2 
0.2571022727272727 0.3818565400843882 2 
0.5696022727272727 0.7278481012658228 2 
0.18039772727272727 0.3459915611814346 2 
0.21732954545454544 0.23628691983122363 2 
0.2911931818181818 0.2109704641350211 2 
0.2315340909090909 0.1877637130801688 2 
0.22301136363636365 0.1729957805907173 2 
0.5681818181818182 0.4050632911392405 2 
0.37642045454545453 0.3670886075949367 2 
0.19602272727272727 0.1371308016877637 2 
0.23863636363636365 0.14978902953586498 2 
0.7627840909090909 0.35232067510548526 2 
0.2585227272727273 0.25316455696202533 2 
0.2713068181818182 0.270042194092827 2 
0.2627840909090909 0.3333333333333333 2 
0.6178977272727273 0.33122362869198313 2 
0.22727272727272727 0.4873417721518987 2 
0.3039772727272727 0.47468354430379744 2 
0.3068181818181818 0.37130801687763715 2 
0.23863636363636365 0.2890295358649789 2 
0.16619318181818182 0.25738396624472576 2 
0.44176136363636365 0.6666666666666666 2 
0.15056818181818182 0.2805907172995781 2 
0.19602272727272727 0.21308016877637131 2 
0.23579545454545456 0.3227848101265823 2 
0.22727272727272727 0.41350210970464135 2 
0.2585227272727273 0.20042194092827004 2 
0.26136363636363635 0.43670886075949367 2 
0.21875 0.2890295358649789 2 
0.38920454545454547 0.4831223628691983 2 
0.27698863636363635 0.3206751054852321 2 
0.6377840909090909 0.44936708860759494 2 
0.2571022727272727 0.22362869198312235 2 
0.1846590909090909 0.25738396624472576 2 
0.1590909090909091 0.29535864978902954 2 
0.2840909090909091 0.19198312236286919 2 
0.17613636363636365 0.24261603375527427 2 
0.22585227272727273 0.2510548523206751 2 
0.140625 0.17088607594936708 2 
0.2585227272727273 0.229957805907173 2 
0.31392045454545453 0.3924050632911392 2 
0.265625 0.3059071729957806 2 
0.5269886363636364 0.5464135021097046 2 
0.2528409090909091 0.2088607594936709 2 
0.2727272727272727 0.4219409282700422 2 
0.24289772727272727 0.33544303797468356 2 
0.6321022727272727 0.38396624472573837 2 
0.22443181818181818 0.33544303797468356 2 
0.22727272727272727 0.21729957805907174 2 
0.6619318181818182 0.3818565400843882 2 
0.20170454545454544 0.20464135021097046 2 
0.2940340909090909 0.29535864978902954 2 
0.2741477272727273 0.2616033755274262 2 
0.2883522727272727 0.33544303797468356 3 
0.21732954545454544 0.2911392405063291 3 
0.21164772727272727 0.21729957805907174 3 
0.31107954545454547 0.3333333333333333 3 
0.2599431818181818 0.31645569620253167 3 
0.25142045454545453 0.2109704641350211 3 
0.19318181818181818 0.3270042194092827 3 
0.21732954545454544 0.2911392405063291 3 
0.24857954545454544 0.2742616033755274 3 
0.24005681818181818 0.31645569620253167 3 
0.2911931818181818 0.42616033755274263 3 
0.2713068181818182 0.18143459915611815 3 
0.17755681818181818 0.2679324894514768 3 
0.15767045454545456 0.21518987341772153 3 
0.15767045454545456 0.21940928270042195 3 
0.2571022727272727 0.2869198312236287 3 
0.20170454545454544 0.20464135021097046 3 
0.26420454545454547 0.22151898734177214 3 
0.3465909090909091 0.41139240506329117 3 
0.296875 0.1729957805907173 3 
0.23579545454545456 0.31856540084388185 3 
0.22443181818181818 0.19831223628691982 3 
0.6207386363636364 0.9662447257383966 3 
0.21164772727272727 0.16244725738396623 3 
0.5582386363636364 0.339662447257384 3 
0.2315340909090909 0.379746835443038 3 
0.2215909090909091 0.229957805907173 3 
0.26420454545454547 0.22151898734177214 3 
0.20170454545454544 0.20464135021097046 3 
0.21022727272727273 0.2721518987341772 3 
0.23011363636363635 0.16244725738396623 3 
0.578125 0.4641350210970464 3 
0.2627840909090909 0.28270042194092826 3 
0.24147727272727273 0.22573839662447256 3 
0.2784090909090909 0.31856540084388185 3 
0.49857954545454547 0.6244725738396625 3 
0.17045454545454544 0.3059071729957806 3 
0.2315340909090909 0.33755274261603374 3 
0.29261363636363635 0.2088607594936709 3 
0.2911931818181818 0.2679324894514768 3 
0.2599431818181818 0.16877637130801687 3 
0.265625 0.2489451476793249 3 
0.2471590909090909 0.2468354430379747 3 
0.2599431818181818 0.31645569620253167 3 
0.5241477272727273 0.5907172995780591 3 
0.22443181818181818 0.310126582278481 3 
0.2159090909090909 0.2109704641350211 3 
0.16051136363636365 0.189873417721519 3 
0.5085227272727273 0.5253164556962026 3 
0.23579545454545456 0.26371308016877637 3 
0.1846590909090909 0.339662447257384 3 
0.609375 0.5358649789029536 3 
0.19318181818181818 0.3270042194092827 3 
0.19176136363636365 0.1940928270042194 3 
0.17045454545454544 0.12658227848101267 3 
0.6193181818181818 0.4029535864978903 3 
0.17329545454545456 0.30168776371308015 3 
0.203125 0.229957805907173 3 
0.1590909090909091 0.24261603375527427 3 
0.28267045454545453 0.40717299578059074 3 
0.26988636363636365 0.33122362869198313 3 
0.24573863636363635 0.3080168776371308 3 
0.2315340909090909 0.1877637130801688 3 
0.23863636363636365 0.4092827004219409 3 
0.23295454545454544 0.15822784810126583 3 
0.15625 0.22151898734177214 3 
0.38920454545454547 0.2721518987341772 3 
0.18607954545454544 0.17721518987341772 3 
0.2869318181818182 0.15822784810126583 3 
0.359375 0.4936708860759494 3 
0.3125 0.17721518987341772 3 
0.3096590909090909 0.30168776371308015 3 
0.25 0.4430379746835443 3 
0.28125 0.28270042194092826 3 
0.22727272727272727 0.33122362869198313 3 
0.22443181818181818 0.19831223628691982 3 
0.2471590909090909 0.30168776371308015 3 
0.1690340909090909 0.20253164556962025 3 
0.7002840909090909 0.5527426160337553 3 
0.16193181818181818 0.2911392405063291 3 
0.5653409090909091 0.6772151898734177 3 
0.38920454545454547 0.2721518987341772 3 
0.2059659090909091 0.19831223628691982 3 
0.22301136363636365 0.2552742616033755 3 
0.24005681818181818 0.22784810126582278 3 
0.25142045454545453 0.3291139240506329 3 
0.20454545454545456 0.1751054852320675 3 
0.6775568181818182 0.7130801687763713 3 
0.22443181818181818 0.2805907172995781 3 
0.18181818181818182 0.23417721518987342 3 
0.234375 0.4029535864978903 3 
0.21448863636363635 0.2869198312236287 3 
0.21022727272727273 0.29324894514767935 3 
0.24289772727272727 0.22362869198312235 3 
0.22585227272727273 0.16877637130801687 3 
0.20738636363636365 0.2510548523206751 3 
0.2755681818181818 0.3143459915611814 3 
0.24147727272727273 0.1962025316455696 3 
0.6590909090909091 0.4177215189873418 3 
0.13636363636363635 0.17721518987341772 3 
0.18323863636363635 0.459915611814346 4 
0.14488636363636365 0.339662447257384 4 
0.20170454545454544 0.2848101265822785 4 
0.13920454545454544 0.2974683544303797 4 
0.19744318181818182 0.3438818565400844 4 
0.23295454545454544 0.2088607594936709 4 
0.14914772727272727 0.41561181434599154 4 
0.22017045454545456 0.22784810126582278 4 
0.2372159090909091 0.31645569620253167 4 
0.10511363636363637 0.2974683544303797 4 
0.203125 0.25738396624472576 4 
0.24857954545454544 0.4451476793248945 4 
0.22017045454545456 0.25738396624472576 4 
0.19460227272727273 0.35232067510548526 4 
0.17755681818181818 0.189873417721519 4 
0.10227272727272728 0.27637130801687765 4 
0.1875 0.4219409282700422 4 
0.26988636363636365 0.33122362869198313 4 
0.7173295454545454 0.869198312236287 4 
0.09801136363636363 0.2109704641350211 4 
0.1846590909090909 0.310126582278481 4 
0.2713068181818182 0.270042194092827 4 
0.22301136363636365 0.3691983122362869 4 
0.15056818181818182 0.2805907172995781 4 
0.17613636363636365 0.5 4 
0.17897727272727273 0.31856540084388185 4 
0.3053977272727273 0.37130801687763715 4 
0.23011363636363635 0.35864978902953587 4 
0.16619318181818182 0.27848101265822783 4 
0.3196022727272727 0.5864978902953587 4 
0.21306818181818182 0.5421940928270043 4 
0.18607954545454544 0.33755274261603374 4 
0.1903409090909091 0.2489451476793249 4 
0.2059659090909091 0.42616033755274263 4 
0.17897727272727273 0.2109704641350211 4 
0.2059659090909091 0.2489451476793249 4 
0.19318181818181818 0.2679324894514768 4 
0.2372159090909091 0.34810126582278483 4 
0.17045454545454544 0.16877637130801687 4 
0.18607954545454544 0.20253164556962025 4 
0.17045454545454544 0.47890295358649787 4 
0.31107954545454547 0.8607594936708861 4 
0.2159090909090909 0.31645569620253167 4 
0.24573863636363635 0.33544303797468356 4 
0.09801136363636363 0.2805907172995781 4 
0.20880681818181818 0.2742616033755274 4 
0.16477272727272727 0.25949367088607594 4 
0.16193181818181818 0.3143459915611814 4 
0.2997159090909091 0.5485232067510548 4 
0.5909090909090909 0.6392405063291139 4 
0.2585227272727273 0.39451476793248946 4 
0.1903409090909091 0.2489451476793249 4 
0.20454545454545456 0.2552742616033755 4 
0.22869318181818182 0.2742616033755274 4 
0.22443181818181818 0.2805907172995781 4 
0.06960227272727272 0.25316455696202533 4 
0.24005681818181818 0.6012658227848101 4 
0.23011363636363635 0.41561181434599154 4 
0.20880681818181818 0.2742616033755274 4 
0.21875 0.2890295358649789 4 
0.13636363636363635 0.27637130801687765 4 
0.14772727272727273 0.33544303797468356 4 
0.21306818181818182 0.21518987341772153 4 
0.1846590909090909 0.310126582278481 4 
0.25426136363636365 0.35443037974683544 4 
0.21022727272727273 0.5126582278481012 4 
0.17897727272727273 0.2890295358649789 4 
0.2585227272727273 0.39451476793248946 4 
0.2528409090909091 0.5168776371308017 4 
0.18607954545454544 0.22784810126582278 4 
0.2571022727272727 0.43248945147679324 4 
0.2556818181818182 0.35232067510548526 4 
0.31107954545454547 0.4240506329113924 4 
0.19460227272727273 0.29535864978902954 4 
0.2784090909090909 0.47890295358649787 4 
0.1747159090909091 0.16877637130801687 4 
0.11363636363636363 0.25949367088607594 4 
0.23011363636363635 0.3270042194092827 4 
0.32670454545454547 0.339662447257384 4 
0.21306818181818182 0.38396624472573837 4 
0.27698863636363635 0.2890295358649789 4 
0.18607954545454544 0.20253164556962025 4 
0.24005681818181818 0.22784810126582278 4 
0.09517045454545454 0.2616033755274262 4 
0.19744318181818182 0.3206751054852321 4 
0.29829545454545453 0.3818565400843882 4 
0.28125 0.339662447257384 4 
0.07102272727272728 0.2742616033755274 4 
0.2002840909090909 0.20675105485232068 4 
0.5980113636363636 0.5358649789029536 4 
0.24147727272727273 0.43248945147679324 4 
0.19460227272727273 0.35232067510548526 4 
0.08806818181818182 0.26371308016877637 4 
0.203125 0.229957805907173 4 
0.11079545454545454 0.339662447257384 4 
0.17755681818181818 0.2616033755274262 4 
0.13920454545454544 0.270042194092827 4 
0.21306818181818182 0.4409282700421941 4 
0.21022727272727273 0.24261603375527427 4 
0.14630681818181818 0.3143459915611814 4 
0.17755681818181818 0.29535864978902954 7 
0.18607954545454544 0.25316455696202533 7 
0.4943181818181818 0.6751054852320675 7 
0.2059659090909091 0.39662447257383965 7 
0.6306818181818182 0.6265822784810127 7 
0.18607954545454544 0.2552742616033755 7 
0.5397727272727273 0.7911392405063291 7 
0.18607954545454544 0.28270042194092826 7 
0.21448863636363635 0.4767932489451477 7 
0.1590909090909091 0.24261603375527427 7 
0.24147727272727273 0.37341772151898733 7 
0.16051136363636365 0.21518987341772153 7 
0.14772727272727273 0.310126582278481 7 
0.12357954545454546 0.37130801687763715 7 
0.20880681818181818 0.27637130801687765 7 
0.46875 0.5928270042194093 7 
0.19460227272727273 0.32489451476793246 7 
0.4119318181818182 0.6012658227848101 7 
0.42613636363636365 0.6476793248945147 7 
0.21448863636363635 0.32489451476793246 7 
0.15056818181818182 0.229957805907173 7 
0.2059659090909091 0.33755274261603374 7 
0.15625 0.29957805907172996 7 
0.20170454545454544 0.34177215189873417 7 
0.16335227272727273 0.2616033755274262 7 
0.1690340909090909 0.25316455696202533 7 
0.17755681818181818 0.2679324894514768 7 
0.6803977272727273 0.7763713080168776 7 
0.14630681818181818 0.23628691983122363 7 
0.1590909090909091 0.3227848101265823 7 
0.6448863636363636 0.7447257383966245 7 
0.18323863636363635 0.25949367088607594 7 
0.515625 0.5232067510548524 7 
0.1846590909090909 0.2848101265822785 7 
0.07528409090909091 0.21940928270042195 7 
0.18039772727272727 0.26371308016877637 7 
0.47017045454545453 0.510548523206751 7 
0.22443181818181818 0.3670886075949367 7 
0.16761363636363635 0.20464135021097046 7 
0.171875 0.4177215189873418 7 
0.2002840909090909 0.2869198312236287 7 
0.1590909090909091 0.2679324894514768 7 
0.1903409090909091 0.27637130801687765 7 
0.17613636363636365 0.32489451476793246 7 
0.25426136363636365 0.4177215189873418 7 
0.39204545454545453 0.7067510548523207 7 
0.21306818181818182 0.3860759493670886 7 
0.125 0.29324894514767935 7 
0.16761363636363635 0.2552742616033755 7 
0.17755681818181818 0.24050632911392406 7 
0.2883522727272727 0.6835443037974683 7 
0.1278409090909091 0.26371308016877637 7 
0.1377840909090909 0.2489451476793249 7 
0.18607954545454544 0.2552742616033755 7 
0.09090909090909091 0.24472573839662448 7 
0.46732954545454547 0.4810126582278481 7 
0.1434659090909091 0.3459915611814346 7 
0.18607954545454544 0.28270042194092826 7 
0.17897727272727273 0.31856540084388185 7 
0.22443181818181818 0.43037974683544306 7 
0.27698863636363635 0.41561181434599154 7 
0.18607954545454544 0.28270042194092826 7 
0.19602272727272727 0.24050632911392406 7 
0.17897727272727273 0.29324894514767935 7 
0.48579545454545453 0.5274261603375527 7 
0.1747159090909091 0.2721518987341772 7 
0.5113636363636364 0.5632911392405063 7 
0.16335227272727273 0.23628691983122363 7 
0.18039772727272727 0.4345991561181435 7 
0.22869318181818182 0.3628691983122363 7 
0.5411931818181818 0.5611814345991561 7 
0.1846590909090909 0.2848101265822785 7 
0.14204545454545456 0.29324894514767935 7 
0.4431818181818182 0.5506329113924051 7 
0.19602272727272727 0.2679324894514768 7 
0.5113636363636364 0.6814345991561181 7 
0.6377840909090909 0.8396624472573839 7 
0.18323863636363635 0.25949367088607594 7 
0.1377840909090909 0.2742616033755274 7 
0.2471590909090909 0.45358649789029537 7 
0.2002840909090909 0.23417721518987342 7 
0.12357954545454546 0.24261603375527427 7 
0.16051136363636365 0.23839662447257384 7 
0.16193181818181818 0.2890295358649789 7 
0.15482954545454544 0.2489451476793249 7 
0.14914772727272727 0.28270042194092826 7 
0.515625 0.5991561181434599 7 
0.12357954545454546 0.3206751054852321 7 
0.1875 0.2805907172995781 7 
0.1846590909090909 0.3987341772151899 7 
0.20738636363636365 0.4240506329113924 7 
0.6008522727272727 0.6814345991561181 7 
0.048295454545454544 0.37763713080168776 7 
0.1875 0.25316455696202533 7 
0.16335227272727273 0.23628691983122363 7 
0.5681818181818182 0.5970464135021097 7 
0.5809659090909091 0.9578059071729957 7 
0.21732954545454544 0.379746835443038 7 
0.14914772727272727 0.25738396624472576 7 
0.16335227272727273 0.23628691983122363 7 
0.2784090909090909 0.25949367088607594 0 
0.27698863636363635 0.1729957805907173 0 
0.7201704545454546 0.540084388185654 0 
0.7059659090909091 0.6075949367088608 0 
0.23579545454545456 0.18143459915611815 0 
0.2556818181818182 0.35232067510548526 0 
0.6392045454545454 0.33122362869198313 0 
0.24147727272727273 0.3143459915611814 0 
0.1434659090909091 0.24050632911392406 0 
0.7883522727272727 0.48523206751054854 0 
0.7215909090909091 0.29324894514767935 0 
0.24857954545454544 0.3037974683544304 0 
0.2471590909090909 0.2468354430379747 0 
0.22727272727272727 0.11181434599156118 0 
0.8181818181818182 0.4873417721518987 0 
0.25426136363636365 0.1540084388185654 0 
0.24147727272727273 0.3143459915611814 0 
0.24147727272727273 0.14556962025316456 0 
0.33948863636363635 0.25316455696202533 0 
0.16051136363636365 0.21518987341772153 0 
0.2755681818181818 0.25949367088607594 0 
0.1690340909090909 0.20253164556962025 0 
0.859375 0.3333333333333333 0 
0.2471590909090909 0.2468354430379747 0 
0.2883522727272727 0.21518987341772153 0 
0.3210227272727273 0.2552742616033755 0 
0.2556818181818182 0.1518987341772152 0 
0.3210227272727273 0.2552742616033755 0 
0.8494318181818182 0.609704641350211 0 
0.3153409090909091 0.2320675105485232 0 
0.19744318181818182 0.2320675105485232 0 
0.28267045454545453 0.28270042194092826 0 
0.19886363636363635 0.2088607594936709 0 
0.22017045454545456 0.17721518987341772 0 
0.15198863636363635 0.20042194092827004 0 
0.2627840909090909 0.25316455696202533 0 
0.3522727272727273 0.17721518987341772 0 
0.21875 0.20675105485232068 0 
0.2883522727272727 0.2088607594936709 0 
0.625 0.3206751054852321 0 
0.3125 0.3860759493670886 0 
0.7116477272727273 0.26582278481012656 0 
0.265625 0.21940928270042195 0 
0.29829545454545453 0.25949367088607594 0 
0.8465909090909091 0.5379746835443038 0 
0.7571022727272727 0.5379746835443038 0 
0.21164772727272727 0.24472573839662448 0 
0.1747159090909091 0.32489451476793246 0 
0.2883522727272727 0.3037974683544304 0 
0.2471590909090909 0.16455696202531644 0 
0.29545454545454547 0.29324894514767935 0 
0.3678977272727273 0.31223628691983124 0 
0.65625 0.5991561181434599 0 
0.27982954545454547 0.19831223628691982 0 
0.2684659090909091 0.21518987341772153 0 
0.6448863636363636 0.2805907172995781 0 
0.3025568181818182 0.2510548523206751 0 
0.16335227272727273 0.16033755274261605 0 
0.7627840909090909 0.26371308016877637 0 
0.5397727272727273 0.5632911392405063 0 
0.27698863636363635 0.3206751054852321 0 
0.24147727272727273 0.14556962025316456 0 
0.28551136363636365 0.189873417721519 0 
0.2741477272727273 0.20675105485232068 0 
0.25142045454545453 0.29957805907172996 0 
0.1377840909090909 0.19831223628691982 0 
0.22017045454545456 0.2320675105485232 0 
0.7357954545454546 0.33122362869198313 0 
0.31392045454545453 0.4936708860759494 0 
0.296875 0.1729957805907173 0 
0.15767045454545456 0.21940928270042195 0 
0.8664772727272727 0.5 0 
0.18323863636363635 0.34177215189873417 0 
0.22017045454545456 0.16877637130801687 0 
0.22017045454545456 0.2320675105485232 0 
0.22585227272727273 0.22362869198312235 0 
0.671875 0.35443037974683544 0 
0.26704545454545453 0.3670886075949367 0 
0.3125 0.5295358649789029 0 
0.2372159090909091 0.20253164556962025 0 
0.3025568181818182 0.21940928270042195 0 
0.22585227272727273 0.33755274261603374 0 
0.2940340909090909 0.26371308016877637 0 
0.2372159090909091 0.17932489451476794 0 
0.29829545454545453 0.22573839662447256 0 
0.24147727272727273 0.14556962025316456 0 
0.34232954545454547 0.38396624472573837 0 
0.19744318181818182 0.2109704641350211 0 
0.23579545454545456 0.18143459915611815 0 
0.24431818181818182 0.22362869198312235 0 
0.24005681818181818 0.14767932489451477 0 
0.2997159090909091 0.2552742616033755 0 
0.6860795454545454 0.2616033755274262 0 
0.3025568181818182 0.21940928270042195 0 
0.2869318181818182 0.2742616033755274 0 
0.5355113636363636 0.569620253164557 0 
0.3210227272727273 0.19198312236286919 0 
0.2556818181818182 0.20675105485232068 0 
0.22585227272727273 0.22362869198312235 0 
0.7130681818181818 0.3059071729957806 0 
0.31676136363636365 0.2616033755274262 8 
0.3125 0.2679324894514768 8 
0.36363636363636365 0.07383966244725738 8 
0.25426136363636365 0.0759493670886076 8 
0.39488636363636365 0.17088607594936708 8 
0.7272727272727273 0.41139240506329117 8 
0.31107954545454547 0.1751054852320675 8 
0.20880681818181818 0.14345991561181434 8 
0.2755681818181818 0.0949367088607595 8 
0.27982954545454547 0.13924050632911392 8 
0.2755681818181818 0.14978902953586498 8 
0.23295454545454544 0.13291139240506328 8 
0.296875 0.22784810126582278 8 
0.2897727272727273 0.10126582278481013 8 
0.3806818181818182 0.19198312236286919 8 
0.26704545454545453 0.08016877637130802 8 
0.3224431818181818 0.3459915611814346 8 
0.3196022727272727 0.10970464135021098 8 
0.2315340909090909 0.05907172995780591 8 
0.36079545454545453 0.16455696202531644 8 
0.24573863636363635 0.1940928270042194 8 
1.0 0.6814345991561181 8 
0.8139204545454546 0.3080168776371308 8 
0.18892045454545456 0.09915611814345991 8 
0.29261363636363635 0.0970464135021097 8 
0.3352272727272727 0.2974683544303797 8 
0.2997159090909091 0.08649789029535865 8 
0.2784090909090909 0.11814345991561181 8 
0.39204545454545453 0.3438818565400844 8 
0.3096590909090909 0.2721518987341772 8 
0.31392045454545453 0.11814345991561181 8 
0.35795454545454547 0.29324894514767935 8 
0.3508522727272727 0.14767932489451477 8 
0.3224431818181818 0.2848101265822785 8 
0.36363636363636365 0.21729957805907174 8 
0.3991477272727273 0.26582278481012656 8 
0.31392045454545453 0.08860759493670886 8 
0.2713068181818182 0.07383966244725738 8 
0.18892045454545456 0.09915611814345991 8 
0.3210227272727273 0.24261603375527427 8 
0.3210227272727273 0.19198312236286919 8 
0.25142045454545453 0.08016877637130802 8 
0.31676136363636365 0.11392405063291139 8 
0.28125 0.2552742616033755 8 
0.24005681818181818 0.14767932489451477 8 
0.2911931818181818 0.09915611814345991 8 
0.32954545454545453 0.12447257383966245 8 
0.6491477272727273 0.24472573839662448 8 
0.4346590909090909 0.11181434599156118 8 
0.2997159090909091 0.16877637130801687 8 
0.22443181818181818 0.14556962025316456 8 
0.21306818181818182 0.16244725738396623 8 
0.234375 0.3206751054852321 8 
0.7457386363636364 0.43670886075949367 8 
0.32386363636363635 0.13291139240506328 8 
0.328125 0.18143459915611815 8 
0.7258522727272727 0.24472573839662448 8 
0.2755681818181818 0.14978902953586498 8 
0.1875 0.12447257383966245 8 
0.29545454545454547 0.06540084388185655 8 
0.46875 0.31223628691983124 8 
0.7201704545454546 0.25949367088607594 8 
0.8522727272727273 0.39029535864978904 8 
0.2940340909090909 0.0949367088607595 8 
0.4588068181818182 0.3270042194092827 8 
0.4602272727272727 0.26371308016877637 8 
0.6548295454545454 0.26582278481012656 8 
0.2755681818181818 0.12236286919831224 8 
0.40198863636363635 0.32489451476793246 8 
0.29545454545454547 0.20253164556962025 8 
0.27982954545454547 0.19831223628691982 8 
0.2372159090909091 0.12447257383966245 8 
0.7372159090909091 0.35443037974683544 8 
0.2713068181818182 0.2109704641350211 8 
0.26704545454545453 0.1350210970464135 8 
0.2940340909090909 0.0949367088607595 8 
0.28551136363636365 0.08016877637130802 8 
0.28267045454545453 0.3438818565400844 8 
0.3025568181818182 0.16455696202531644 8 
0.6931818181818182 0.3227848101265823 8 
0.22301136363636365 0.12236286919831224 8 
0.3678977272727273 0.12236286919831224 8 
0.3181818181818182 0.11181434599156118 8 
0.2940340909090909 0.17721518987341772 8 
0.15625 0.17088607594936708 8 
0.7556818181818182 0.20042194092827004 8 
0.22727272727272727 0.22151898734177214 8 
0.29545454545454547 0.16666666666666666 8 
0.3877840909090909 0.2489451476793249 8 
0.2059659090909091 0.14767932489451477 8 
0.3181818181818182 0.11181434599156118 8 
0.2471590909090909 0.08649789029535865 8 
0.8252840909090909 0.33755274261603374 8 
0.4034090909090909 0.22784810126582278 8 
0.8338068181818182 0.4029535864978903 8 
0.375 0.3333333333333333 8 
0.234375 0.3206751054852321 8 
0.31392045454545453 0.09282700421940929 8 
0.6619318181818182 0.26582278481012656 8 
0.3409090909090909 0.21729957805907174 8 
0.34517045454545453 0.2510548523206751 5 
0.7258522727272727 0.4957805907172996 5 
0.7414772727272727 0.26371308016877637 5 
0.29261363636363635 0.0970464135021097 5 
0.32954545454545453 0.2679324894514768 5 
0.28125 0.3143459915611814 5 
0.6420454545454546 0.5421940928270043 5 
0.19602272727272727 0.24050632911392406 5 
0.22301136363636365 0.19831223628691982 5 
0.23579545454545456 0.26371308016877637 5 
0.21875 0.20675105485232068 5 
0.28551136363636365 0.3080168776371308 5 
0.23011363636363635 0.11181434599156118 5 
0.20880681818181818 0.2489451476793249 5 
0.20880681818181818 0.22151898734177214 5 
0.25 0.08227848101265822 5 
0.15767045454545456 0.37130801687763715 5 
0.6221590909090909 0.5611814345991561 5 
0.35511363636363635 0.23628691983122363 5 
0.24005681818181818 0.1751054852320675 5 
0.3977272727272727 0.33544303797468356 5 
0.18323863636363635 0.18143459915611815 5 
0.6122159090909091 0.41350210970464135 5 
0.2571022727272727 0.31856540084388185 5 
0.26988636363636365 0.18354430379746836 5 
0.7769886363636364 0.5021097046413502 5 
0.20454545454545456 0.14556962025316456 5 
0.23579545454545456 0.1540084388185654 5 
0.5909090909090909 0.45147679324894513 5 
0.5909090909090909 0.6962025316455697 5 
0.24147727272727273 0.2552742616033755 5 
0.15625 0.14767932489451477 5 
0.7017045454545454 0.23839662447257384 5 
0.30113636363636365 0.22573839662447256 5 
0.7144886363636364 0.3037974683544304 5 
0.25142045454545453 0.270042194092827 5 
0.14488636363636365 0.1877637130801688 5 
0.6661931818181818 0.3333333333333333 5 
0.21164772727272727 0.21729957805907174 5 
0.22017045454545456 0.22784810126582278 5 
0.2755681818181818 0.14556962025316456 5 
0.23579545454545456 0.12869198312236288 5 
0.26988636363636365 0.1308016877637131 5 
0.26988636363636365 0.18354430379746836 5 
0.20738636363636365 0.14135021097046413 5 
0.6235795454545454 0.28270042194092826 5 
0.2727272727272727 0.23839662447257384 5 
0.24289772727272727 0.17088607594936708 5 
0.203125 0.1518987341772152 5 
0.3622159090909091 0.25738396624472576 5 
0.2869318181818182 0.16033755274261605 5 
0.24005681818181818 0.1751054852320675 5 
0.35511363636363635 0.23628691983122363 5 
0.19602272727272727 0.26371308016877637 5 
0.24147727272727273 0.20042194092827004 5 
0.6434659090909091 0.4409282700421941 5 
0.23011363636363635 0.24261603375527427 5 
0.3338068181818182 0.23628691983122363 5 
0.6889204545454546 0.26582278481012656 5 
0.24289772727272727 0.19831223628691982 5 
0.24147727272727273 0.2552742616033755 5 
0.18892045454545456 0.14767932489451477 5 
0.2585227272727273 0.229957805907173 5 
0.24289772727272727 0.14345991561181434 5 
0.22585227272727273 0.14345991561181434 5 
0.78125 0.5886075949367089 5 
0.296875 0.11814345991561181 5 
0.3536931818181818 0.19831223628691982 5 
0.36079545454545453 0.22784810126582278 5 
0.22869318181818182 0.21518987341772153 5 
0.27698863636363635 0.1729957805907173 5 
0.23579545454545456 0.26371308016877637 5 
0.33238636363636365 0.17932489451476794 5 
0.26988636363636365 0.15822784810126583 5 
0.27982954545454547 0.25316455696202533 5 
0.28551136363636365 0.16033755274261605 5 
0.6321022727272727 0.34177215189873417 5 
0.26988636363636365 0.33122362869198313 5 
0.2741477272727273 0.23628691983122363 5 
0.26136363636363635 0.1160337552742616 5 
0.24289772727272727 0.17088607594936708 5 
0.34232954545454547 0.16033755274261605 5 
0.24147727272727273 0.14556962025316456 5 
0.22585227272727273 0.22362869198312235 5 
0.3536931818181818 0.23839662447257384 5 
0.26988636363636365 0.2721518987341772 5 
0.2471590909090909 0.11181434599156118 5 
0.2897727272727273 0.26582278481012656 5 
0.2869318181818182 0.21729957805907174 5 
0.20738636363636365 0.27637130801687765 5 
0.5710227272727273 0.5168776371308017 5 
0.6136363636363636 0.5379746835443038 5 
0.2940340909090909 0.29535864978902954 5 
0.27698863636363635 0.3206751054852321 5 
0.26704545454545453 0.1350210970464135 5 
0.2627840909090909 0.14135021097046413 5 
0.24857954545454544 0.3037974683544304 5 
0.24431818181818182 0.1962025316455696 5 
0.2840909090909091 0.3459915611814346 5 
0.265625 0.16033755274261605 5 
0.2741477272727273 0.26582278481012656 9 
0.22301136363636365 0.25316455696202533 9 
0.17613636363636365 0.16666666666666666 9 
0.2372159090909091 0.2616033755274262 9 
0.5 0.7869198312236287 9 
0.22443181818181818 0.19831223628691982 9 
0.22727272727272727 0.16666666666666666 9 
0.1747159090909091 0.3270042194092827 9 
0.23011363636363635 0.2721518987341772 9 
0.23011363636363635 0.2721518987341772 9 
0.22017045454545456 0.20464135021097046 9 
0.2315340909090909 0.1877637130801688 9 
0.2784090909090909 0.229957805907173 9 
0.171875 0.1729957805907173 9 
0.15198863636363635 0.25316455696202533 9 
0.5369318181818182 0.4831223628691983 9 
0.2556818181818182 0.23417721518987342 9 
0.21164772727272727 0.21729957805907174 9 
0.5298295454545454 0.4219409282700422 9 
0.18323863636363635 0.15611814345991562 9 
0.15198863636363635 0.20042194092827004 9 
0.2556818181818182 0.25738396624472576 9 
0.7230113636363636 0.4219409282700422 9 
0.3096590909090909 0.2974683544303797 9 
0.2883522727272727 0.24050632911392406 9 
0.19318181818181818 0.1160337552742616 9 
0.12357954545454546 0.3206751054852321 9 
0.19318181818181818 0.24261603375527427 9 
0.7258522727272727 1.0 9 
0.7599431818181818 0.29535864978902954 9 
0.5880681818181818 0.44936708860759494 9 
0.12642045454545456 0.24050632911392406 9 
0.10511363636363637 0.1751054852320675 9 
0.5198863636363636 0.43670886075949367 9 
0.14204545454545456 0.23839662447257384 9 
0.2059659090909091 0.14767932489451477 9 
0.25142045454545453 0.29957805907172996 9 
0.22869318181818182 0.16455696202531644 9 
0.2556818181818182 0.23417721518987342 9 
0.20454545454545456 0.20042194092827004 9 
0.16761363636363635 0.310126582278481 9 
0.11647727272727272 0.15822784810126583 9 
0.29261363636363635 0.45147679324894513 9 
0.09517045454545454 0.19831223628691982 9 
0.32386363636363635 0.6877637130801688 9 
0.30113636363636365 0.25316455696202533 9 
0.2556818181818182 0.35232067510548526 9 
0.24147727272727273 0.2552742616033755 9 
0.2599431818181818 0.31645569620253167 9 
0.2215909090909091 0.3143459915611814 9 
0.5795454545454546 0.630801687763713 9 
0.1747159090909091 0.16877637130801687 9 
0.6803977272727273 0.7383966244725738 9 
0.6264204545454546 0.3924050632911392 9 
0.22727272727272727 0.3059071729957806 9 
0.2571022727272727 0.2320675105485232 9 
0.18892045454545456 0.3059071729957806 9 
0.1903409090909091 0.17088607594936708 9 
0.26136363636363635 0.4388185654008439 9 
0.21732954545454544 0.23628691983122363 9 
0.6747159090909091 0.7468354430379747 9 
0.18323863636363635 0.3143459915611814 9 
0.24005681818181818 0.229957805907173 9 
0.5923295454545454 0.4430379746835443 9 
0.6122159090909091 0.45569620253164556 9 
0.5681818181818182 0.5084388185654009 9 
0.421875 0.2320675105485232 9 
0.23863636363636365 0.2890295358649789 9 
0.28551136363636365 0.08016877637130802 9 
0.2571022727272727 0.2320675105485232 9 
0.2528409090909091 0.15611814345991562 9 
0.2571022727272727 0.3818565400843882 9 
0.19744318181818182 0.26582278481012656 9 
0.21732954545454544 0.2088607594936709 9 
0.19602272727272727 0.24050632911392406 9 
0.1278409090909091 0.22573839662447256 9 
0.22443181818181818 0.19831223628691982 9 
0.5454545454545454 0.5590717299578059 9 
0.23011363636363635 0.16244725738396623 9 
0.2059659090909091 0.19831223628691982 9 
0.17755681818181818 0.3227848101265823 9 
0.12357954545454546 0.26582278481012656 9 
0.25426136363636365 0.23628691983122363 9 
0.22869318181818182 0.19198312236286919 9 
0.7315340909090909 0.33755274261603374 9 
0.21448863636363635 0.26582278481012656 9 
0.23295454545454544 0.2088607594936709 9 
0.22727272727272727 0.3059071729957806 9 
0.33948863636363635 0.2911392405063291 9 
0.24289772727272727 0.22362869198312235 9 
0.22017045454545456 0.20464135021097046 9 
0.234375 0.29535864978902954 9 
0.19460227272727273 0.21518987341772153 9 
0.125 0.1940928270042194 9 
0.25426136363636365 0.3860759493670886 9 
0.23579545454545456 0.2088607594936709 9 
0.6576704545454546 0.5864978902953587 9 
0.24289772727272727 0.4345991561181435 9 
0.5326704545454546 0.37763713080168776 9 
0.24147727272727273 0.34177215189873417 9 
0.2684659090909091 0.270042194092827 6 
0.21448863636363635 0.21308016877637131 6 
0.20880681818181818 0.1940928270042194 6 
0.23579545454545456 0.23417721518987342 6 
0.6548295454545454 0.3924050632911392 6 
0.2159090909090909 0.23839662447257384 6 
0.16193181818181818 0.16244725738396623 6 
0.203125 0.20253164556962025 6 
0.5184659090909091 0.4388185654008439 6 
0.22869318181818182 0.21940928270042195 6 
0.20880681818181818 0.2489451476793249 6 
0.2528409090909091 0.23839662447257384 6 
0.2215909090909091 0.25738396624472576 6 
0.24857954545454544 0.24472573839662448 6 
0.3849431818181818 0.27848101265822783 6 
0.6278409090909091 0.4641350210970464 6 
0.24289772727272727 0.25316455696202533 6 
0.22727272727272727 0.1940928270042194 6 
0.22301136363636365 0.24261603375527427 6 
0.2059659090909091 0.22573839662447256 6 
0.21022727272727273 0.2468354430379747 6 
0.33948863636363635 0.4177215189873418 6 
0.19886363636363635 0.23628691983122363 6 
0.171875 0.24050632911392406 6 
0.27982954545454547 0.14345991561181434 6 
0.5568181818181818 0.580168776371308 6 
0.265625 0.189873417721519 6 
0.3806818181818182 0.1371308016877637 6 
0.19886363636363635 0.15822784810126583 6 
0.22301136363636365 0.28270042194092826 6 
0.17897727272727273 0.29324894514767935 6 
0.2684659090909091 0.2742616033755274 6 
0.234375 0.20675105485232068 6 
0.16619318181818182 0.20675105485232068 6 
0.2315340909090909 0.24050632911392406 6 
0.5553977272727273 0.5822784810126582 6 
0.2059659090909091 0.22573839662447256 6 
0.22301136363636365 0.28270042194092826 6 
0.2741477272727273 0.32489451476793246 6 
0.21306818181818182 0.21518987341772153 6 
0.28551136363636365 0.24472573839662448 6 
0.2883522727272727 0.24050632911392406 6 
0.22869318181818182 0.2742616033755274 6 
0.2002840909090909 0.20675105485232068 6 
0.18323863636363635 0.3143459915611814 6 
0.22017045454545456 0.2320675105485232 6 
0.21022727272727273 0.21940928270042195 6 
0.21732954545454544 0.2616033755274262 6 
0.5823863636363636 0.4578059071729958 6 
0.3522727272727273 0.2679324894514768 6 
0.25426136363636365 0.23628691983122363 6 
0.20880681818181818 0.1940928270042194 6 
0.3565340909090909 0.11181434599156118 6 
0.15482954545454544 0.19831223628691982 6 
0.21022727272727273 0.2721518987341772 6 
0.19460227272727273 0.24261603375527427 6 
0.20738636363636365 0.22362869198312235 6 
0.25 0.2721518987341772 6 
0.2215909090909091 0.2552742616033755 6 
0.19176136363636365 0.16877637130801687 6 
0.21448863636363635 0.21308016877637131 6 
0.2471590909090909 0.21729957805907174 6 
0.78125 0.9135021097046413 6 
0.328125 0.14978902953586498 6 
0.21875 0.2890295358649789 6 
0.17613636363636365 0.21729957805907174 6 
0.234375 0.26582278481012656 6 
0.16193181818181818 0.2890295358649789 6 
0.21022727272727273 0.16455696202531644 6 
0.34375 0.2805907172995781 6 
0.21448863636363635 0.18565400843881857 6 
0.2784090909090909 0.04008438818565401 6 
0.14914772727272727 0.2320675105485232 6 
0.2599431818181818 0.3459915611814346 6 
0.21306818181818182 0.1877637130801688 6 
0.19460227272727273 0.24261603375527427 6 
0.5539772727272727 0.5421940928270043 6 
0.19886363636363635 0.2088607594936709 6 
0.3522727272727273 0.2679324894514768 6 
0.21732954545454544 0.18143459915611815 6 
0.2627840909090909 0.25316455696202533 6 
0.25426136363636365 0.20675105485232068 6 
0.18039772727272727 0.18565400843881857 6 
0.22301136363636365 0.1729957805907173 6 
0.2627840909090909 0.25316455696202533 6 
0.34375 0.2805907172995781 6 
0.2315340909090909 0.29957805907172996 6 
0.2372159090909091 0.2320675105485232 6 
0.265625 0.2742616033755274 6 
0.2215909090909091 0.2552742616033755 6 
0.21022727272727273 0.21940928270042195 6 
0.3096590909090909 0.2088607594936709 6 
0.20738636363636365 0.1962025316455696 6 
0.2713068181818182 0.29957805907172996 6 
0.21875 0.17932489451476794 6 
0.21306818181818182 0.2974683544303797 6 
0.3849431818181818 0.27848101265822783 6 
0.20170454545454544 0.3143459915611814 6 
0.23011363636363635 0.21729957805907174 6 
0.24005681818181818 0.1751054852320675 6 
